<?xml version="1.0"?>
<opencv_storage>
<date>"Tue Aug 23 23:24:21 2022&#x0a;"</date>
<intrinsicMat type_id="opencv-matrix">
  <rows>3</rows>
  <cols>3</cols>
  <dt>d</dt>
  <data>
    3.1478908215754024e+02 0. 6.4182170572229938e+02 0.
    3.1510890911229149e+02 4.6774220043827734e+02 0. 0. 1.</data></intrinsicMat>
<coeffs type_id="opencv-matrix">
  <rows>4</rows>
  <cols>1</cols>
  <dt>d</dt>
  <data>
    1.0846175841224104e-01 -1.0430041382360545e-02
    2.5656535186168524e-04 -7.0354208525159618e-04</data></coeffs>
</opencv_storage>
