<?xml version="1.0"?>
<opencv_storage>
<date>"Tue Aug 23 23:44:26 2022&#x0a;"</date>
<intrinsicMat type_id="opencv-matrix">
  <rows>3</rows>
  <cols>3</cols>
  <dt>d</dt>
  <data>
    3.1415181332593107e+02 0. 6.3355637512468468e+02 0.
    3.1415140069411717e+02 4.6776159038237603e+02 0. 0. 1.</data></intrinsicMat>
<coeffs type_id="opencv-matrix">
  <rows>4</rows>
  <cols>1</cols>
  <dt>d</dt>
  <data>
    1.0500682297108210e-01 -8.3404419829468581e-03
    -8.4764153075300578e-04 -3.6956450772018221e-04</data></coeffs>
</opencv_storage>
