<?xml version="1.0"?>
<opencv_storage>
<date>"Wed Sep 14 15:30:18 2022&#x0a;"</date>
<intrinsicMat type_id="opencv-matrix">
  <rows>3</rows>
  <cols>3</cols>
  <dt>d</dt>
  <data>
    3.3008606048631560e+02 0. 6.3932359992400870e+02 0.
    3.3096106658125399e+02 4.7415051044473614e+02 0. 0. 1.</data></intrinsicMat>
<coeffs type_id="opencv-matrix">
  <rows>4</rows>
  <cols>1</cols>
  <dt>d</dt>
  <data>
    8.3783477782683441e-02 -8.4880599549882942e-03
    3.4471757987033927e-05 -4.8957886679301015e-04</data></coeffs>
</opencv_storage>
