intrinsic:[163.6250727807676, 0, 317.986015027703;
 0, 163.6058281055797, 232.3110172533483;
 0, 0, 1]

total average of images：0.0277093 (pixel)

intrinsic:[163.729954053892, 0, 318.0081728021975;
 0, 163.7043645656723, 232.3382313887392;
 0, 0, 1]

total average of images：0.0287592 (pixel)

intrinsic:[163.6821444980305, 0, 317.8485331536934;
 0, 163.6705103964785, 232.2423632623862;
 0, 0, 1]

total average of images：0.0291845 (pixel)

intrinsic:[163.6250727807676, 0, 317.9860150277032;
 0, 163.6058281055798, 232.3110172533483;
 0, 0, 1]
total average of images：0.0277093 (pixel)

intrinsic:[163.6821444980305, 0, 317.8485331536937;
 0, 163.6705103964785, 232.2423632623862;
 0, 0, 1]

total average of images：0.0291845 (pixel)

intrinsic:[163.7871619982495, 0, 317.8789171328007;
 0, 163.7679716742878, 232.2827073535708;
 0, 0, 1]
total average of images：0.03014 (pixel)

intrinsic:[163.7299540538919, 0, 318.0081728021975;
 0, 163.7043645656721, 232.3382313887392;
 0, 0, 1]
total average of images：0.0287592 (pixel)

intrinsic:[163.9206238343523, 0, 318.0045080567239;
 0, 163.7556194755483, 234.0105216710685;
 0, 0, 1]
total average of images：1.88579 (pixel)

intrinsic:[163.7299540538919, 0, 318.0081728021976;
 0, 163.7043645656721, 232.3382313887392;
 0, 0, 1]
total average of images：0.0287592 (pixel)







