<?xml version="1.0"?>
<opencv_storage>
<date>"Wed Aug 24 00:33:34 2022&#x0a;"</date>
<intrinsicMat type_id="opencv-matrix">
  <rows>3</rows>
  <cols>3</cols>
  <dt>d</dt>
  <data>
    3.1475033047884318e+02 0. 6.1383543929820416e+02 0.
    3.1494777969166500e+02 4.5204459258542624e+02 0. 0. 1.</data></intrinsicMat>
<coeffs type_id="opencv-matrix">
  <rows>4</rows>
  <cols>1</cols>
  <dt>d</dt>
  <data>
    1.0560419475850991e-01 -8.5976656477045610e-03
    -2.2312093549651179e-04 -6.8038488823778836e-04</data></coeffs>
</opencv_storage>
