<?xml version="1.0"?>
<opencv_storage>
<date>"Tue Aug 23 23:54:36 2022&#x0a;"</date>
<intrinsicMat type_id="opencv-matrix">
  <rows>3</rows>
  <cols>3</cols>
  <dt>d</dt>
  <data>
    3.1463598310929319e+02 0. 6.1305217690409950e+02 0.
    3.1456903496104547e+02 4.5195943208853834e+02 0. 0. 1.</data></intrinsicMat>
<coeffs type_id="opencv-matrix">
  <rows>4</rows>
  <cols>1</cols>
  <dt>d</dt>
  <data>
    1.0543230855266703e-01 -7.3774903035778777e-03
    -1.1755381729863013e-03 -4.5941778482647811e-04</data></coeffs>
</opencv_storage>
