<?xml version="1.0"?>
<opencv_storage>
<date>"Wed Aug 24 00:36:50 2022&#x0a;"</date>
<intrinsicMat type_id="opencv-matrix">
  <rows>3</rows>
  <cols>3</cols>
  <dt>d</dt>
  <data>
    3.1448655568324216e+02 0. 6.1265377164907193e+02 0.
    3.1456705259420187e+02 4.5277877187792183e+02 0. 0. 1.</data></intrinsicMat>
<coeffs type_id="opencv-matrix">
  <rows>4</rows>
  <cols>1</cols>
  <dt>d</dt>
  <data>
    1.0949378655973112e-01 -1.4499975129273753e-02
    3.5779155604436061e-03 -1.4973692925693155e-03</data></coeffs>
</opencv_storage>
